97899240232485
13528197343359
36827424758309
74772249657715
88813625022196
9185617707101
65064920822704
42062942385099
76351435633389
7282044533329
9737604572750
51636858179395
96929925345287
6782924793557
57790912800696
25444660905373
52628293379990
43463674196487
14852605514618
70381716329918
77360447782540
24086963383539
35555463389678
53294198355800
62296739676370
46501405037130
65152730269687
50175508135918
1246758224438
2996753053653
96579745068661
30023334165761
92899770922095
75752956954234
74674453669889
24610448156941
16193182008488
33625918325178
37546886356297
74846656330372
4891368875993
45881810099212
80084189717275
86633100232316
61741384300022
7984917872349
53169291437961
81566638406392
56866143470823
31790704619306
79738688504197
9537631780841
4109497361762
60536218011345
41995795501474
74906723425281
26417258503903
44335885251447
96483533078300
7159604971010
51932069812632
7123124490373
64509716748010
9522522657740
49056163796277
31939498449203
14436197642529
320705403572
58280946861769
12587946304869
89204028589005
25344488218871
47313162415667
67809168513708
24414830787449
46665991393828
17862413587277
37637888357328
46441767027859
75652191467392
1622897067202
39400932420033
36142968298926
63645467126596
72108949286328
88393986427282
98418964093078
43305879415277
2438701810837
97593255641207
19495150594946
84951947446954
50213848806785
2030690576096
56065807840229
62657877467022
61775412885906
27228432292342
93434911332006
20524731702886
34007049337609
1717360935372
42557370529128
9824224701010
96648661085178
15214035745866
54464417009234
77463662438168
61328655274807
42222721814580
42632275205046
91949193631967
80204261078659
51596498590463
22374712567938
3212352002118
54319310366055
73700729445897
95064694145837
12610594970506
79094181613710
21495835952367
30175355773757
28532033443475
36087007752570
48563501023197
2479296118638
20044388086559
56479318383686
22134127888846
76091107062590
70198604363945
81581291966333
1869123160528
32715837682299
95330607853438
63183864981601
23700202997693
85824836371794
62307259765282
62850205448827
82988118088338
68966996213971
9846500777625
47163569912090
13201817603734
22667411725621
45766643382763
44596843514866
88119990088266
91043695932814
24455447816401
27776131345770
86216248269198
11491728109996
63832423091197
17551993925257
54766699753799
4348263871799
9857736468037
30889103187240
39578926844479
91262523765027
10794155670211
93278089880047
32926604353181
34951870090443
97449932448355
57724460670880
50850824845092
41718089471242
24158067258577
16539524007332
69915854384492
90737632149723
22124784331492
61203483952260
14637447082198
87222757287437
31860227429593
21914814084957
40714482302296
87304131803806
17004010021145
83405020792157
17767708844238
72850747241296
66846293036913
2916093702130
67746304688019
61196734745482
92331371015065
23202140755835
33169399260599
56761423787815
43720099089308
3150385746300
46402491877907
38473491906820
19120306189754
48966412889983
42643342522907
84239882390277
24474151525294
50831873949362
21224760884645
21642620521515
24545688712693
17147987214823
39859795078015
35120238211824
47410225656089
45161493173609
38301938698656
85879531712259
37544183279571
1890110234240
26863642140067
99502725820840
41196357548757
81672268655052
31510780140237
61094293047405
91045796232078
63577037313549
76790967660184
93240099343965
13092407429357
4131631149175
18266788906987
58247038884878
27416183260147
63681506172816
47960996165071
30238514687024
12366060757766
29141881046292
23317711033307
59044114314987
79490840387378
74745484392353
93345004956931
81621981476808
89838175629252
56053762042588
62806881516036
83586033957067
19662076792760
25641595654382
26693082808349
72695192323637
63551839029049
87226219554647
90220978362730
33094648077992
89442369181235
64816225481150
89918396331164
69690380701443
51412805669254
35244211279412
40416853344713
73122489975497
13090111504394
78395461677561
62835955635521
15981362468940
66274504367732
66860392214172
29421606782890
10410203704456
17000076459865
95508657548059
57046400901794
77099515423373
82137010848158
90507770302953
45923729060023
51055019814490
31907726986174
32901383711138
3372901962782
95100612325800
30261271465565
17069141164516
2389449348766
54496987713940
48241758339110
88118743908474
14224566319832
74441897331041
31107083981563
20396438160699
34808545712201
27781137603168
20694530696804
98338244822085
64704931006687
40024960461860
69412181641944
11903329062270
40666368155018
51353657036692
44584761771372
85255465471131
54293843022146
81095167611764
81594757825675
85848895451557
73955059065674
38063461411731
9323608660261
14042233514895
23563833870921
68385361881008
93783802355962
73505299241402
23646815090980
43922112714094
80752716851775
18107578165562
10555209301902
48090648257415
62119118854821
15070118174266
40278836872273
58301902881139
51234396176580
37777783773295
73439474718596
28907977597301
61470466704096
81293761101812
21918969204705
96419900509497
22523960675621
55959606307501
21757778224664
82153645939639
28530316579016
72137643876539
17334945954642
39545593484072
78943663299635
46509176385935
17183426573596
59076614762073
51651984388982
70381967386077
50948817456479
53604799289448
80997138449377
36786038686354
2011230222766
84337017173129
8350091233619
3439165439680
3127378009158
33829800787874
19319373701834
69397190630128
47290728636745
74743953220920
97870129471057
31266938191624
85421227215846
4201900291481
61708934402159
21783086940834
7343636460806
82077214865973
31279016269282
5665455922978
62988439957626
94806466931432
39689622604728
50322704864413
68374264049830
8165070689392
46954610515465
53959045925607
39221528257666
69348581642313
64369645048029
86383878745605
30904753404793
61945589619068
89181201470408
55336257904371
10312252528748
19307412575647
39559997939632
94010049631045
28545062096294
34548817223915
38449842658408
78193417810372
42930240763815
52753968288066
15513315230437
55906429451808
4547784204746
17774779408131
32372816706381
32234928330924
34890328800726
71923576124070
30259791129372
23712028754211
93856082321765
35455981424276
70329854754876
87322592564098
22754263870251
85382710898522
91616906183693
3424344280914
67214768536119
46764755074939
15837792930058
94188931573414
36184710533322
61255077446273
32006104246747
20866802856786
55962440052783
46177155889657
57027989805559
78812122763911
19815336833412
78063797482071
85398263267298
34100146964233
73059133610787
10874397754861
36733508925599
86119462050467
12140160411872
86065070168865
87272629007106
49117661289686
75077339884172
52692506670713
69338650895916
73930037528672
87240579339771
44366340437020
92493151368450
52323326640370
54963225848068
22071800616942
58028019958814
86114014832037
69051256124235
86018398325993
13718952835165
1185165918633
55703706577525
95666459293480
82453848001899
83813491672872
18569771121010
65259978799823
12949153653585
99515652395908
80585444435910
50942643225773
86150469473509
35055396902438
36143664659846
21635833112294
28120334692789
88986788823999
19761440618594
13028356607097
20684803558959
53616051616671
29359613115130
98540875826878
46994284977207
27328634206836
51528940233063
36126571115707
30716076887965
25748237414622
75517547633917
29443148732007
85739222957574
7707283483745
35827520071535
52915461385905
43672798400318
4190165315017
27342884336598
24943650531756
82198160745967
42406367811412
74646638571621
13366378421732
34318925994357
58476901555005
57852260306828
90504356032423
74141725631282
5448943900185
65742415598572
36929712104052
26759941674185
38010691845406
18359370376383
84520946266524
33222927817248
36476423163702
62063659110645
24236794772737
76722440384263
62897379717285
13542469415049
73984193084490
69937409683777
42161300746851
96399368110719
56206801252343
65512132140393
33104588939194
60656712609105
92850780410074
182294784273
71288647633539
23935635788665
57099111212499
70881606705163
78510504787688
28311826205297
31575403387329
15321862062667
44027588185816
63816045015055
42623620709910
85080226534435
86166333398512
80171026905829
71636484312747
9221310219247
84908035844356
9964057622217
73609901575846
46129830100909
291793329118
81637523770054
17349485625541
55519097169732
16547717332529
35441087523210
32885086146706
90959476797805
56347808246844
96012334199986
78185163675005
66689127130468
48977797239873
16079396241735
78317024887094
52919984157284
87291856389450
73361990951364
91006095250076
53315323879917
84834863764739
57533377361362
21574154049708
66525521292955
28539922170141
28285538145577
86855773732620
46136480385155
81205344277376
54344443056555
9038129484165
26113837484023
41867408911694
84553958300690
74963678886866
52823496341280
54632217125240
69839612119652
23561001367441
99876703401995
60973467052873
52158854349418
92603878234234
50971229389531
43110060437382
59676488603333
7079490860323
46929555262913
37367382991815
45968911304884
71580612689269
28337563203305
88529238354787
81614973969321
38596552703028
99963351533368
25744521457733
82376091065048
31394292898103
16884306901888
73337334292085
45628666264368
20581828565954
47933370719079
84899395547927
16900948909343
94241537519865
77465073790815
27754019559968
29690109597586
44013152286402
28390686916839
22899562700539
33390268355629
13772265673204
17616609263586
43478696147729
27753457900999
15320795548195
52891381436894
95975587728694
31637611131045
37891547335205
79891999989192
24435878616317
77364019878995
79351520177488
83488824620096
24395588246640
91026459644969
19971582859697
39132421759126
55329159962303
13640082429844
56227362560546
93802613838212
16255958906781
21065333957404
98958443325783
92257339968186
76580862244905
57939092057561
7851890899904
25376322873991
29167361833731
53574955738279
80503157202995
16518168662411
87097662850203
44683744852284
79430600514255
57050915424172
81007664686008
92237603510996
61402160779360
20567841968675
95537562739171
8533458916540
43267140754708
38709616204565
26174715437510
31085493324793
39057475468751
11905422493072
70581381383747
21105791762106
27621915874675
73905142875660
98433187859926
83922882517117
92413282989536
86828806462144
45924122373874
36450260856973
81346688916619
43143810654840
15017941592078
41992930236295
31441189466916
39579735283013
54367584759034
51742387433435
83095009859635
13671140401763
88051485296006
43043921072965
29455184181875
99269677470846
95453019516331
37560881170112
81030231031750
90974065290965
38355435739008
2681817141386
78624572160052
30633446802387
26226372040091
34652186982107
41949702919158
11123590241490
5576643249613
82034558200397
65985415618083
65092097209685
33198294534275
3742728605962
67293143477833
13239840785059
59886276639154
4168602602331
59269153823073
26832062907601
76016604068961
62502147465000
21853766135748
47236111488294
12773186858574
93464780492775
2879081755572
87674299396799
47179596567325
42386392000732
75648278851730
38671964181173
78781240411492
11177008366364
94382461572552
37754741576499
75780607797876
87222141191468
89641858854565
84832524144303
21009817899064
28380253137005
49038577111494
36529221232363
24825577656738
16605698720642
72099894988592
79073673466508
77516147716106
62502940132764
74500896853798
38334728858694
41581986565958
51290962388114
93565879363416
10238384988107
1455100159212
51456324995155
88765366373208
35499126400980
67451276786840
43800352964692
84752755780835
6376440535759
12430435801860
79663884221111
47601812739790
6365305863701
68942303422474
2076921401801
23857877214729
77352770351971
9892909668265
36321512054270
36247645270957
63719976573790
70728134877273
12266103151653
11057644686966
54910517488581
82037083990828
94060637226400
11313997850755
71097923885286
40032106553652
79991259009786
59987801986216
64268144712979
46497315102525
81297176133189
10147596772362
40565686018847
8734789561237
25008475483312
2911675965841
90711971478880
67781232650791
34317478289645
51031849596888
71355026183886
70533761966899
84741432778813
14933055624877
27677288441198
32436503951021
81407627855269
35239233559747
84752055551037
94242807970
95005434807814
78079790904604
49130899126417
45932134326649
36804648074239
95676079756968
79916436678602
86285379576913
58818529726169
98327430107276
76060113831872
2336944231501
62688360510454
37297696506474
73996501100611
8771268483622
40693102171138
31570572928435
67580685699
4497427650783
54823754868582
96530455703129
25756537055553
95371300288844
38174742530634
20727857214818
71174191124083
11319444635129
86344936026724
3591131463009
39102685437391
2429455787550
73094871866359
28642527081169
6505634266974
80570828114803
4411497043896
69548396980081
42097034773202
80737488031764
40703681636199
4970105345129
98610625936171
46972890987990
18255896413839
93078261739834
95591461171169
4239061815005
36162711694130
54472488251971
58780285483130
1357751657447
47447491997294
81621466020130
50034084903500
92162664596818
57025728440262
94152866105918
87503423529721
25202586405137
46767314442645
51401357478018
72997828351576
72271987574568
52114781321214
30742139107231
54450028384524
96286966443385
46542084060283
64239374926613
27989561795070
42577808606254
57761784730656
84663914427295
4982141006412
6942254941948
93760785046322
29787292445841
32201905038328
15051608039840
31348535721012
98431336150338
4803866862468
59687977907086
19184529429488
60981094515940
63204269296671
13558404769728
89810201565828
99248420995466
67611566796988
6850888934461
83909383592862
87490012225822
94525895626379
3155205200615
98451381640031
92171662051595
86341692423797
76370140690783
10965827843405
40162700880500
25876014071017
63894729050993
42488574374474
76394586346412
19396289694752
63818406528023
69309720368338
76224126327919
50650325784914
43598326435498
18839776556977
36376868855644
77657478797702
10362851937502
9370342972660
31455051250397
90491333548970
68909274848770
84452861977729
38716582577090
93155519115660
82120033656271
28770325666467
37932244917208
31790326952731
25908272147446
85506020501071
34345726866219
66930909597627
30907530605119
34653229223581
22788548525504
75147937271968
66097030134162
1025140930729
59798566903734
56027119358980
6269970294229
45976375152222
64094861904373
85463772695289
31785297316331
57974950857375
39014981933712
63512344235146
10923237432942
84210040729795
11813431446594
212306547538
53658756005293
96464603414796
96718815078402
4348972441199
80207250600960
85870056488020
69879399908912
25497442830010
55714873828457
2078859185972
74331747172377
19097318032481
5390851660795
5172205540549
18606641092940
3700450009188
68849141638865
24887561443673
16680719093686
80593257939319
47279189633150
89195354037133
71362727517574
58132014183073
55314858818129
80922578109355
75672792276248
50333441082805
68248111342940
50896876662259
36484541747906
42212322123664
15375594628281
62288526419659
47355776127780
26215590959589
81171405835947
90912551834778
45665333437975
80718592352027
